   1.000E-03
   1.000E-02
    10.000
     3.578
         501
    1.000000    0.000000    0.000000    0.000000    0.000000    0.000000    0.000000
    0.000200   -2.178097    2.797875   -0.003181   -0.419054   -0.326226    0.002528
    0.000200   -0.756545   -0.777616    0.034779    0.688129   -0.669483   -0.044808
    0.000200   -1.328180   -0.641341   -0.008061    0.358045   -0.741490    0.013248
    0.000200    1.122246   -0.809675   -0.030374    0.497373    0.689382    0.031585
    0.000200   -1.284337    3.331341   -0.011609   -0.493803   -0.190377   -0.021167
    0.000200    1.208623    1.907033   -0.014505   -0.562131    0.356262   -0.042937
    0.000200   -0.855472    2.674378    0.030650   -0.568404   -0.181820    0.000178
    0.000200   -1.579307   -3.167518   -0.034276    0.475690   -0.237176   -0.019992
    0.000200   -1.138742    1.751540   -0.026216   -0.580042   -0.377107    0.022538
    0.000200   -0.576845    2.711172   -0.017773   -0.587490   -0.124998    0.014144
    0.000200   -2.026937   -2.618308   -0.048959    0.434554   -0.336406   -0.034859
    0.000200    3.245904    1.286393   -0.008244   -0.197175    0.497524    0.039454
    0.000200    0.675629    3.399549    0.006780   -0.526831    0.104703   -0.045710
    0.000200    0.936588   -1.215666    0.038786    0.639463    0.492663    0.010338
    0.000200   -1.768566   -3.012540   -0.048448    0.461399   -0.270873   -0.018022
    0.000200    2.140355    2.180248    0.036535   -0.408257    0.400787    0.026274
    0.000200   -2.990128   -1.885199    0.033928    0.283667   -0.449927    0.037767
    0.000200    1.301725    0.317274   -0.027944   -0.204578    0.839351    0.006950
    0.000200   -1.297657    0.879832    0.011934   -0.448189   -0.661030   -0.029109
    0.000200   -3.083916    1.646817    0.044771   -0.251927   -0.471771   -0.009548
    0.000200    2.444125    0.583559    0.019358   -0.146501    0.613593    0.023092
    0.000200    0.755314   -2.778494    0.004615    0.568686    0.154593   -0.035642
    0.000200   -1.077161   -2.058812   -0.040745    0.581277   -0.304121   -0.019564
    0.000200    1.262224   -2.656254    0.007724    0.526683    0.250274   -0.028333
    0.000200    2.249762    2.337774   -0.036019   -0.400024    0.384964    0.044426
    0.000200    0.195148    0.562000    0.014519   -1.224760    0.425285   -0.039844
    0.000200    0.320071   -2.841845   -0.032472    0.587617    0.066182    0.029871
    0.000200   -1.862742   -1.695666    0.005047    0.424143   -0.465934   -0.031741
    0.000200    1.617856   -3.169951   -0.032298    0.472141    0.240968    0.011443
    0.000200   -0.604126   -2.882276   -0.045809    0.570332   -0.119542   -0.037909
    0.000200   -2.752005    0.728396   -0.045231   -0.151649   -0.572956   -0.036166
    0.000200    1.715668    1.445412    0.047076   -0.430169    0.510599   -0.018313
    0.000200   -2.393873   -1.478952    0.023782    0.313325   -0.507157    0.047802
    0.000200    2.525017    1.486960   -0.004923   -0.296434    0.503376   -0.012261
    0.000200   -0.881090    1.724765    0.017712   -0.639894   -0.326887   -0.035575
    0.000200   -3.031607   -1.061037    0.012473    0.184324   -0.526654   -0.011955
    0.000200   -1.425058    3.210680   -0.019319   -0.487675   -0.216454    0.008777
    0.000200    1.244616    2.999192    0.022973   -0.512558    0.212703    0.046443
    0.000200   -2.401513   -2.407429    0.010617    0.383929   -0.382986    0.016551
    0.000200    2.370681   -0.243037    0.031246    0.066063    0.644404   -0.037194
    0.000200   -2.355985    0.721400   -0.049973   -0.186520   -0.609148   -0.018607
    0.000200    2.498675    1.382773    0.017771   -0.286527    0.517755   -0.030977
    0.000200   -0.309063    2.424985    0.009490   -0.634450   -0.080860   -0.008118
    0.000200    2.116200    0.106105   -0.044612   -0.034402    0.686126   -0.042921
    0.000200   -2.550954    1.902297    0.028845   -0.335117   -0.449387   -0.022954
    0.000200   -0.395860   -3.294822   -0.016598    0.545024   -0.065483    0.000150
    0.000200    3.114859    0.127662   -0.042646   -0.023193    0.565893   -0.005614
    0.000200    0.743714   -1.635776    0.043952    0.679103    0.308758   -0.015770
    0.000200    3.255285   -0.372519   -0.012364    0.062810    0.548868   -0.018824
    0.000200    2.611850    2.184333    0.045191   -0.347672    0.415718   -0.007722
    0.000200   -0.639543    3.454644   -0.044392   -0.524593   -0.097116   -0.032691
    0.000200    2.013261    2.871191    0.033503   -0.437234    0.306586   -0.000029
    0.000200    2.975666    1.389310    0.002210   -0.233449    0.500007   -0.030158
    0.000200   -1.275178   -1.101905    0.034444    0.503644   -0.582842    0.033288
    0.000200   -2.116137   -1.974906   -0.047055    0.401033   -0.429712   -0.024396
    0.000200    1.843621   -1.963445   -0.039401    0.444205    0.417096   -0.006728
    0.000200   -0.016315    3.336145    0.014220   -0.547482   -0.002677   -0.024784
    0.000200    1.553878   -0.458173   -0.027183    0.222203    0.753593   -0.022350
    0.000200   -1.438249    2.890303    0.011310   -0.498273   -0.247946    0.003428
    0.000200    2.919710    1.724779    0.042733   -0.276199    0.467550   -0.039711
    0.000200    1.630034    3.020362    0.025014   -0.475019    0.256359   -0.016324
    0.000200   -2.492690    0.811563   -0.008976   -0.191207   -0.587286   -0.038710
    0.000200   -1.068886    0.117789   -0.045089   -0.105627   -0.958524    0.013075
    0.000200    1.119760   -2.177405   -0.043351    0.568329    0.292271    0.000731
    0.000200   -0.683893    0.894255   -0.043963   -0.748645   -0.572535   -0.001463
    0.000200   -2.688316    0.190207   -0.009513   -0.042991   -0.607622    0.015979
    0.000200    0.281733   -3.231008   -0.035083    0.553177    0.048235   -0.018338
    0.000200   -1.878712    2.018911   -0.028871   -0.440828   -0.410215   -0.021105
    0.000200    1.801310   -0.082821    0.044587    0.034203    0.743906    0.008012
    0.000200   -3.465248    0.207693   -0.012357   -0.032111   -0.535753   -0.045073
    0.000200    3.380610   -0.315992   -0.044961    0.050507    0.540342    0.009117
    0.000200    1.703119   -0.934372   -0.033096    0.345102    0.629032   -0.006259
    0.000200    1.246660    1.456666   -0.038774   -0.548687    0.469584   -0.048125
    0.000200    1.183066   -2.362296    0.002034    0.550096    0.275495   -0.023581
    0.000200   -0.379741   -1.675704   -0.010742    0.744028   -0.168609    0.017062
    0.000200   -1.514497    1.422181    0.042079   -0.474921   -0.505749    0.028037
    0.000200   -1.960084   -1.360053    0.024714    0.369085   -0.531918    0.026105
    0.000200    3.256202    0.452948    0.035767   -0.075987    0.546263    0.048385
    0.000200    1.586051    1.905373    0.028619   -0.488130    0.406324   -0.009048
    0.000200   -2.733856   -1.674121   -0.011170    0.291674   -0.476307   -0.049349
    0.000200    2.876915   -1.988614   -0.019312    0.304052    0.439870   -0.043193
    0.000200    2.028971    2.917004   -0.014605   -0.435509    0.302926   -0.039303
    0.000200   -0.246419   -2.599965   -0.009277    0.616032   -0.058386    0.018723
    0.000200   -0.776011    0.476527   -0.043659   -0.548359   -0.892988   -0.040749
    0.000200   -0.362480   -3.338875   -0.032286    0.542480   -0.058894   -0.003596
    0.000200    0.477924    0.043716   -0.020167   -0.131489    1.437496    0.030863
    0.000200   -2.430485    2.175592   -0.038856   -0.369281   -0.412546    0.007226
    0.000200   -0.786338   -3.428805   -0.011800    0.519676   -0.119179   -0.034206
    0.000200   -3.007221    0.007250   -0.007323   -0.001390   -0.576654   -0.042610
    0.000200   -3.416319   -0.772659    0.038626    0.117869   -0.521161   -0.039639
    0.000200    0.157276    2.605421   -0.009704   -0.617840    0.037296   -0.002138
    0.000200   -3.046585    1.516051    0.048541   -0.241507   -0.485321   -0.038473
    0.000200    0.794055   -2.882951    0.044843    0.557524    0.153560   -0.020037
    0.000200   -1.867818    0.953619   -0.005259   -0.313996   -0.615011    0.015003
    0.000200    1.836840   -1.081896    0.044120    0.347594    0.590144    0.002316
    0.000200    1.040178   -1.634106   -0.012762    0.606121    0.385822    0.031802
    0.000200    1.420711    2.468028    0.045153   -0.513572    0.295636    0.045512
    0.000200    1.259557    0.587118    0.047373   -0.358391    0.768863   -0.048746
    0.000200    2.624408    0.741357   -0.014824   -0.164617    0.582743    0.009870
    0.000200    1.563536   -1.037490   -0.009037    0.403628    0.608283    0.007751
    0.000200    0.270666   -1.986615   -0.008077    0.699765    0.095339   -0.005201
    0.000200   -0.432858    3.293114   -0.034471   -0.544023   -0.071508    0.031013
    0.000200    1.265639    0.185994    0.035711   -0.128551    0.874753   -0.000553
    0.000200    0.573828    3.419093    0.044251   -0.529660    0.088893   -0.021654
    0.000200   -0.496697    2.092528   -0.015168   -0.663454   -0.157482    0.011937
    0.000200    3.371158    1.125334    0.016474   -0.167958    0.503151   -0.020686
    0.000200    1.341546   -0.708897   -0.028455    0.379284    0.717773   -0.015067
    0.000200    2.462798   -0.685801   -0.035389    0.167776    0.602504    0.049992
    0.000200    0.321671    2.090255   -0.037178   -0.679636    0.104590   -0.042703
    0.000200   -2.480267    1.261022    0.002662   -0.271698   -0.534395   -0.038912
    0.000200   -1.040642    2.923051    0.035907   -0.534826   -0.190405    0.026551
    0.000200    1.844852   -0.073449   -0.027460    0.029277    0.735366    0.020714
    0.000200   -0.221593   -2.358321    0.026403    0.646897   -0.060784   -0.042245
    0.000200   -1.730794   -3.024231    0.018519    0.464951   -0.266096   -0.011880
    0.000200    0.574467   -1.413652    0.007487    0.749974    0.304767    0.029467
    0.000200    0.245834    1.712290   -0.003191   -0.752603    0.108052    0.046938
    0.000200    1.747362   -1.719774    0.029828    0.447989    0.455175    0.023223
    0.000200   -1.560101    1.492965   -0.038733   -0.470501   -0.491658    0.012798
    0.000200    2.513072   -1.297240   -0.035759    0.272753    0.528389    0.047224
    0.000200   -0.592712   -3.465395   -0.012123    0.525693   -0.089913   -0.019926
    0.000200    1.078594    0.483508   -0.041137   -0.376247    0.839319   -0.047283
    0.000200   -2.270286   -2.444834   -0.038566    0.401178   -0.372536   -0.008610
    0.000200   -1.945413    0.379551    0.019133   -0.136014   -0.697149    0.014360
    0.000200   -2.905291   -1.404000   -0.014864    0.242225   -0.501235   -0.015912
    0.000200   -2.129247    1.064366   -0.024847   -0.289802   -0.579744    0.008998
    0.000200   -3.222128    1.283877    0.002832   -0.198752   -0.498806    0.009204
    0.000200   -1.134474    2.792095    0.009666   -0.533660   -0.216835    0.049253
    0.000200   -0.910330   -1.361101   -0.010030    0.649579   -0.434450    0.038633
    0.000200   -0.578879    0.759360    0.043964   -0.813858   -0.620424   -0.042728
    0.000200   -1.431526   -1.245623   -0.038264    0.476523   -0.547641    0.026129
    0.000200   -1.867586   -2.109344    0.017448    0.446063   -0.394939    0.035730
    0.000200    1.243949    2.679025    0.009097   -0.527738    0.245044   -0.007836
    0.000200    0.120796   -1.629947   -0.007728    0.780062    0.057811    0.011579
    0.000200    0.856838    0.685284    0.000601   -0.596291    0.745568   -0.023432
    0.000200   -1.876285   -0.235195   -0.044368    0.090449   -0.721560   -0.020847
    0.000200   -2.051658    0.796324   -0.044804   -0.243907   -0.628406    0.033787
    0.000200    0.564655   -2.255455    0.047664    0.636184    0.159269   -0.037072
    0.000200   -0.345970    0.596401   -0.016868   -1.041721   -0.604298   -0.031699
    0.000200    0.124288    1.767304    0.007269   -0.749441    0.052705   -0.036176
    0.000200    1.040251    2.571802   -0.040949   -0.556579    0.225127   -0.004102
    0.000200    1.074095    0.973934    0.045199   -0.557853    0.615223   -0.031196
    0.000200    2.418217   -0.942168   -0.011175    0.225348    0.578389    0.002200
    0.000200   -2.320172   -2.377189   -0.010990    0.392652   -0.383234   -0.001197
    0.000200    1.044909   -1.763036   -0.016910    0.600916    0.356149   -0.018511
    0.000200   -3.503582   -0.459427    0.036713    0.069166   -0.527461    0.020247
    0.000200   -0.573729    0.220137   -0.048034   -0.456981   -1.190998   -0.007087
    0.000200    1.274856    0.688855    0.034985   -0.394910    0.730855   -0.027453
    0.000200    0.751249   -1.479243    0.003081    0.692213    0.351548   -0.017791
    0.000200    0.618186   -1.643424    0.010400    0.706350    0.265698   -0.023563
    0.000200   -0.000574    0.494745   -0.016819   -1.421702   -0.001649    0.023251
    0.000200   -1.009610    0.615662    0.029537   -0.478773   -0.785130   -0.045719
    0.000200    1.381338   -1.217341   -0.008600    0.487261    0.552903    0.002946
    0.000200   -1.958416    2.493455   -0.036935   -0.441661   -0.346891   -0.045200
    0.000200   -1.983119   -1.602699   -0.039349    0.393638   -0.487072   -0.032621
    0.000200   -2.166826   -1.569442   -0.021592    0.358623   -0.495128   -0.026761
    0.000200   -0.877642   -2.747388    0.032134    0.560906   -0.179179    0.024845
    0.000200    0.533575   -2.064241   -0.039395    0.663060    0.171391    0.039893
    0.000200    0.477997   -1.136089    0.048971    0.830244    0.349316   -0.016368
    0.000200    1.979503   -1.389840   -0.029579    0.369482    0.526241   -0.034895
    0.000200   -2.342487   -2.234321    0.031994    0.383612   -0.402183    0.032105
    0.000200   -1.305742   -2.146861    0.020837    0.538985   -0.327816    0.009553
    0.000200    3.030025    1.521958    0.011446   -0.243755    0.485284   -0.020232
    0.000200   -1.166884   -2.962143    0.014271    0.521446   -0.205414   -0.017748
    0.000200    1.589942   -2.958070    0.023258    0.480653    0.258348    0.048056
    0.000200    2.629453   -0.810520   -0.036345    0.177583    0.576105    0.011638
    0.000200    0.184886   -0.569148   -0.000225    1.229449    0.399384   -0.007475
    0.000200    2.000122   -1.924190   -0.035246    0.416153    0.432575    0.007568
    0.000200   -0.844920   -0.800069    0.014409    0.637402   -0.673134    0.031696
    0.000200   -0.106640   -3.507480   -0.035912    0.533582   -0.016223    0.044944
    0.000200    0.032603   -1.045284   -0.037679    0.977386    0.030486    0.047426
    0.000200    0.064600   -0.620164    0.040530    1.259597    0.131207    0.017560
    0.000200    3.013729   -0.121734    0.032219    0.023239    0.575330    0.042841
    0.000200    0.938849   -3.438900   -0.009447    0.510946    0.139493    0.001431
    0.000200   -0.822252   -1.384671   -0.031888    0.677552   -0.402348   -0.009990
    0.000200    0.297783   -0.218327    0.010698    0.973052    1.327177   -0.035092
    0.000200    0.939565    2.327370   -0.040719   -0.585315    0.236293    0.029724
    0.000200    1.154148    2.366569    0.018438   -0.553914    0.270137    0.036417
    0.000200    1.493290    2.577146    0.035157   -0.501346    0.290498    0.040223
    0.000200    2.611569   -1.108930   -0.008565    0.232037    0.546454   -0.032689
    0.000200    2.978349    1.680388   -0.011835   -0.265723    0.470973   -0.045386
    0.000200   -0.537586    3.187752   -0.000612   -0.548433   -0.092488    0.018264
    0.000200   -2.913375    1.812376   -0.018774   -0.285166   -0.458401    0.029081
    0.000200   -1.071763    0.241476    0.049529   -0.209699   -0.930726    0.003519
    0.000200    1.536279   -2.272025   -0.001858    0.500210    0.338228    0.018101
    0.000200   -1.446923    0.817860   -0.017000   -0.381684   -0.675260   -0.000471
    0.000200   -2.106100    1.932937   -0.011475   -0.399922   -0.435749   -0.011121
    0.000200   -0.469931    1.862546   -0.010969   -0.699592   -0.176511   -0.033276
    0.000200   -1.051722    3.224040   -0.049315   -0.516252   -0.168408    0.030503
    0.000200    0.233761    1.402320   -0.010294   -0.827273    0.137903    0.035216
    0.000200   -3.153809   -1.105120    0.038809    0.180898   -0.516249    0.006949
    0.000200    1.096805    2.417064    0.007976   -0.558945    0.253636   -0.009632
    0.000200    2.801114   -2.027488   -0.025880    0.315314    0.435628    0.006655
    0.000200   -1.053023    1.329346   -0.027722   -0.601928   -0.476808    0.031919
    0.000200   -2.976834   -1.715365   -0.029303    0.269361   -0.467447    0.035766
    0.000200   -0.894710    0.819824    0.041163   -0.613272   -0.669291    0.041512
    0.000200    1.523645   -2.149448    0.041456    0.502610    0.356277    0.048725
    0.000200   -1.574570    0.422931    0.021571   -0.203159   -0.756360    0.020264
    0.000200    0.765406    2.288265    0.028850   -0.610523    0.204215    0.000754
    0.000200   -2.855141   -2.073104   -0.014878    0.312791   -0.430786    0.019666
    0.000200   -1.139334   -1.151101    0.031885    0.558471   -0.552762   -0.033064
    0.000200   -0.736952    1.126541    0.010209   -0.721263   -0.471830   -0.019502
    0.000200    2.878400    1.598906   -0.006792   -0.267609    0.481758   -0.032237
    0.000200    0.218797   -0.649995    0.033080    1.144414    0.385226   -0.001572
    0.000200    2.307190    0.465906    0.036492   -0.129019    0.638910   -0.027992
    0.000200   -0.949817    1.546739   -0.014093   -0.632513   -0.388412    0.021178
    0.000200   -0.349413   -1.142354    0.037433    0.874920   -0.267613   -0.028845
    0.000200   -3.225807   -0.164167    0.042951    0.028280   -0.555697   -0.034414
    0.000200    0.135532   -1.556429   -0.027402    0.797030    0.069405   -0.045833
    0.000200    3.189211   -1.514794   -0.045885    0.228332    0.480725    0.020435
    0.000200   -0.994513    3.218041    0.000427   -0.520586   -0.160884    0.049386
    0.000200    2.913918   -1.134290   -0.003765    0.205141    0.526994   -0.002439
    0.000200   -1.493765    1.323863   -0.014721   -0.469470   -0.529721   -0.048354
    0.000200    2.490178   -1.866168    0.032646    0.339957    0.453632    0.015909
    0.000200    1.727514    2.227119   -0.012112   -0.470651    0.365071    0.010350
    0.000200    0.923541   -1.686840   -0.016766    0.632510    0.346298    0.034148
    0.000200   -2.358501   -0.220661    0.014229    0.060525   -0.646909   -0.048217
    0.000200    0.183747    2.789708    0.021826   -0.596775    0.039307    0.041737
    0.000200   -0.103061    2.793784    0.046431   -0.597669   -0.022048   -0.020207
    0.000200    2.238058   -1.772345    0.010654    0.367431    0.463979   -0.042329
    0.000200    1.842710    1.399450    0.033793   -0.397600    0.523535   -0.016743
    0.000200   -1.765163    1.469783    0.001684   -0.422203   -0.507052    0.019915
    0.000200    1.445786   -1.845237   -0.015613    0.514120    0.402825   -0.003044
    0.000200   -3.397527    0.290718    0.031862   -0.046169   -0.539563   -0.013264
    0.000200   -0.047242   -0.686546    0.040885    1.202615   -0.082754   -0.003683
    0.000200   -0.797410   -2.786083    0.022619    0.564752   -0.161639   -0.029332
    0.000200   -1.610571   -0.258599    0.004377    0.124127   -0.773071   -0.039297
    0.000200   -1.582927   -2.359737    0.043760    0.492659   -0.330479   -0.018136
    0.000200    0.645006    1.502487    0.031730   -0.718622    0.308499    0.005513
    0.000200    2.702290   -0.933039   -0.041750    0.193026    0.559047   -0.003041
    0.000200    0.177957   -0.892277    0.000772    1.028123    0.205050    0.005148
    0.000200    0.171031   -2.303638   -0.042521    0.656149    0.048715    0.036364
    0.000200    1.396324    1.239680    0.032386   -0.485864    0.547257    0.036728
    0.000200   -1.923178    1.188468    0.049784   -0.349626   -0.565764   -0.047807
    0.000200   -2.253536    2.092986   -0.014105   -0.388045   -0.417811   -0.030537
    0.000200    2.912142   -1.083497   -0.039892    0.197824    0.531697   -0.003427
    0.000200    0.917355   -2.744232    0.046602    0.557552    0.186381    0.036318
    0.000200    1.413127   -0.133768    0.011104    0.079099    0.835610    0.016146
    0.000200   -1.007671    2.251835    0.019175   -0.581138   -0.260053   -0.024443
    0.000200    1.713965    1.594572   -0.018765   -0.445183    0.478516   -0.002384
    0.000200   -2.311801   -0.616609   -0.039052    0.166609   -0.624654   -0.020977
    0.000200    1.691655    1.043128   -0.044546   -0.372310    0.603781   -0.023456
    0.000200    1.931597   -0.440341    0.028902    0.157911    0.692691    0.033297
    0.000200    1.750226   -0.033376   -0.023591    0.014410    0.755674    0.045504
    0.000200    1.135981   -2.459056    0.039255    0.551584    0.254809   -0.011092
    0.000200    2.505511   -0.287236   -0.035673    0.071720    0.625603    0.031898
    0.000200    2.954473    0.763337   -0.010765   -0.143202    0.554258    0.031323
    0.000200    2.576569   -2.064076   -0.010945    0.344098    0.429535   -0.008035
    0.000200   -2.752831    0.212464   -0.011581   -0.046311   -0.600034   -0.026128
    0.000200    2.151053    0.082529    0.006130   -0.026131    0.681076    0.042334
    0.000200    2.611551    0.859134    0.015265   -0.188470    0.572902   -0.008197
    0.000200    0.753752    1.027623   -0.024563   -0.714272    0.523913   -0.024940
    0.000200    1.845248    1.166434   -0.015426   -0.361641    0.572101    0.024737
    0.000200   -0.205859   -3.199549   -0.046647    0.557327   -0.035858   -0.026468
    0.000200   -0.857054    1.169523   -0.044585   -0.669860   -0.490889    0.038055
    0.000200   -2.796042   -0.562833    0.018685    0.116849   -0.580484   -0.004003
    0.000200    2.907549   -0.760319    0.002851    0.145935    0.558074   -0.029361
    0.000200   -1.480273   -1.649336    0.028589    0.499916   -0.448673   -0.003933
    0.000200    2.198137   -2.170619   -0.047029    0.399767    0.404835    0.039799
    0.000200    2.414058    0.355955   -0.020110   -0.093383    0.633316   -0.043021
    0.000200   -1.048476    0.175358   -0.048496   -0.159993   -0.956609   -0.019018
    0.000200    1.924984   -2.059195    0.027166    0.435103    0.406745   -0.018873
    0.000200    0.354654    2.996188   -0.010005   -0.571720    0.067674   -0.044555
    0.000200   -0.512944   -0.141073   -0.007038    0.363570   -1.321950   -0.017517
    0.000200   -1.550547    2.340661   -0.043478   -0.497536   -0.329588   -0.014985
    0.000200   -0.055253    0.058799    0.036072   -2.565500   -2.410787   -0.022826
    0.000200   -1.340692    3.010524   -0.046137   -0.503209   -0.224097   -0.029985
    0.000200   -2.475703    1.490519   -0.011156   -0.303419   -0.503970   -0.006583
    0.000200    0.731420   -3.060375   -0.014804    0.548302    0.131042    0.017859
    0.000200    2.834690   -1.824270    0.043687    0.294752    0.458008   -0.010404
    0.000200    2.705352    1.354637    0.042816   -0.257404    0.514063   -0.045828
    0.000200   -0.876818    0.571528    0.045959   -0.533755   -0.818868   -0.024568
    0.000200    0.159919   -1.316354    0.025362    0.862068    0.104729   -0.005468
    0.000200   -3.205265   -1.028351    0.028321    0.166507   -0.518987    0.048984
    0.000200    1.166292   -1.222377    0.013571    0.556627    0.531088    0.002955
    0.000200    0.007023    1.356443   -0.006104   -0.858599    0.004446    0.045443
    0.000200   -1.233815    0.379120    0.038958   -0.258532   -0.841371    0.011263
    0.000200    2.073816   -2.123629    0.034117    0.415267    0.405527    0.025270
    0.000200    0.051098   -1.034678   -0.005639    0.981305    0.048462   -0.033499
    0.000200   -3.450061    0.662401   -0.031958   -0.100598   -0.523957    0.024008
    0.000200   -3.405880    0.354883   -0.011087   -0.056005   -0.537487   -0.038824
    0.000200   -0.475902   -0.782806    0.009939    0.892748   -0.542740    0.043168
    0.000200    0.976412   -1.884235   -0.041182    0.609476    0.315831   -0.021128
    0.000200   -2.033337    0.055324   -0.046160   -0.019070   -0.700897    0.039700
    0.000200    0.355312   -3.480962    0.028548    0.531832    0.054286    0.000016
    0.000200   -2.149983   -1.367152    0.048957    0.336168   -0.528658   -0.036340
    0.000200   -0.313589   -3.112880    0.024317    0.562510   -0.056667   -0.036410
    0.000200    1.027308    0.693844   -0.018335   -0.502693    0.744289   -0.025800
    0.000200   -2.400970    2.045342   -0.039651   -0.365142   -0.428630   -0.016956
    0.000200    0.121076    1.368135    0.039272   -0.849952    0.075219   -0.005008
    0.000200   -0.224118    1.175782    0.019575   -0.897867   -0.171144    0.002184
    0.000200   -1.658540    2.298384    0.025278   -0.481672   -0.347580   -0.037273
    0.000200   -0.436963   -2.600657   -0.025991    0.607282   -0.102036   -0.008135
    0.000200   -1.895503   -2.427572    0.020193    0.449116   -0.350680    0.000381
    0.000200   -1.115274    0.209403   -0.035183   -0.173231   -0.922623   -0.048262
    0.000200    1.661689   -0.756521   -0.006179    0.306650    0.673552    0.043835
    0.000200   -1.431618    1.683425   -0.042983   -0.512447   -0.435795    0.003522
    0.000200    0.882271   -2.213810   -0.011763    0.601750    0.239816    0.035516
    0.000200    2.458799   -0.802081   -0.032163    0.192840    0.591154    0.037141
    0.000200    2.141751   -2.818569    0.049041    0.423183    0.321565    0.022964
    0.000200   -1.519169   -2.389268    0.005324    0.501507   -0.318874   -0.045088
    0.000200    2.457890   -0.822561   -0.027386    0.197127    0.589034    0.005930
    0.000200   -2.063969    1.685554    0.017011   -0.387481   -0.474472    0.018297
    0.000200   -3.061927   -1.069807   -0.047759    0.183146   -0.524187   -0.041249
    0.000200    0.910164    2.961739   -0.011741   -0.543042    0.166881    0.014221
    0.000200   -2.738686   -1.621929    0.010826    0.285621   -0.482282   -0.044791
    0.000200    0.079711   -1.951917    0.027793    0.714869    0.029193   -0.005785
    0.000200    2.638077    1.867172   -0.022180   -0.321350    0.454027    0.032393
    0.000200    0.918732    0.692715    0.022410   -0.561252    0.744375    0.023293
    0.000200    2.054677   -2.565948   -0.009724    0.430532    0.344748   -0.029911
    0.000200    1.230850   -0.688505   -0.028949    0.411080    0.734893   -0.005047
    0.000200   -0.316396   -2.749566    0.002832    0.597150   -0.068715    0.042720
    0.000200   -0.374530   -1.660027    0.002766    0.747774   -0.168711   -0.006495
    0.000200    0.750486    2.257886   -0.040326   -0.615200    0.204483    0.028532
    0.000200   -1.509852    1.557984    0.035411   -0.487536   -0.472475    0.017577
    0.000200    0.315962   -0.157280    0.000872    0.750094    1.506875   -0.048435
    0.000200   -0.688276    1.723637    0.027627   -0.681690   -0.272210   -0.041205
    0.000200   -1.844607   -0.368739   -0.002953    0.142923   -0.714966    0.030541
    0.000200   -2.540787   -0.063586   -0.020750    0.015693   -0.627064   -0.047597
    0.000200    0.892383    0.074780   -0.026000   -0.088243    1.053041   -0.001804
    0.000200   -2.341942   -2.045722    0.016348    0.373068   -0.427088   -0.032721
    0.000200    2.219487    0.642027    0.002638   -0.182810    0.631974   -0.002763
    0.000200   -3.000529   -1.268546    0.042357    0.215748   -0.510315   -0.024321
    0.000200    0.005516    3.249074    0.016577   -0.554778    0.000942   -0.005275
    0.000200    2.566467    1.695987   -0.009107   -0.314338    0.475674   -0.002685
    0.000200   -2.646899   -1.799465    0.012263    0.314258   -0.462254    0.042154
    0.000200    1.387343    2.815505    0.041136   -0.506314    0.249487   -0.036761
    0.000200    2.129106   -1.459532    0.041990    0.351921    0.513368   -0.009765
    0.000200   -0.283235    2.089578    0.015128   -0.682402   -0.092497   -0.009585
    0.000200    2.402553   -0.341007   -0.000142    0.090210    0.635575    0.024642
    0.000200   -3.152898    1.380090    0.045686   -0.216145   -0.493796    0.044422
    0.000200    1.524510    1.256457   -0.008758   -0.452496    0.549031    0.011848
    0.000200   -3.440364    0.582740    0.010605   -0.089404   -0.527818   -0.008471
    0.000200   -1.171145   -2.733506   -0.028375    0.533024   -0.228369   -0.001542
    0.000200   -3.346080   -0.787481    0.003304    0.123560   -0.525017    0.001810
    0.000200   -0.565588    3.327008    0.004702   -0.536653   -0.091230    0.018789
    0.000200    0.674848   -2.378416   -0.014968    0.611836    0.173602    0.045047
    0.000200    2.603239   -1.941068    0.036815    0.331717    0.444879    0.049049
    0.000200    1.433744    3.232630   -0.024474   -0.486105    0.215598    0.000072
    0.000200    0.618660   -0.783689   -0.030618    0.785511    0.620099   -0.040672
    0.000200    1.179293   -2.751305    0.047215    0.531242    0.227707    0.002300
    0.000200   -2.455460   -1.909536    0.015297    0.348072   -0.447583    0.036441
    0.000200   -2.393712    0.972638    0.024809   -0.234191   -0.576355    0.041169
    0.000200    2.205525   -0.071781   -0.048224    0.021898    0.672820   -0.043004
    0.000200   -1.543489    2.036492   -0.017331   -0.498557   -0.377864   -0.030618
    0.000200   -1.355984    1.390639   -0.014209   -0.513732   -0.500929   -0.036088
    0.000200    0.266293    1.355787   -0.004755   -0.834786    0.163962   -0.017135
    0.000200   -0.551275    1.147331   -0.031681   -0.798910   -0.383864    0.032946
    0.000200   -0.866481   -0.717605   -0.025553    0.601348   -0.726104    0.024273
    0.000200    0.257255   -3.356502    0.011301    0.543436    0.041651    0.018322
    0.000200    1.361796    3.258321    0.034258   -0.490980    0.205202    0.018767
    0.000200    0.643102    1.404872   -0.002153   -0.731499    0.334855   -0.040644
    0.000200    2.370884    1.583236    0.021395   -0.328904    0.492531    0.025931
    0.000200    1.804466   -2.130906   -0.045175    0.456693    0.386731    0.027457
    0.000200   -0.324705    1.180149   -0.039563   -0.871491   -0.239781   -0.018530
    0.000200   -2.821407    1.174089   -0.030006   -0.219777   -0.528137   -0.037703
    0.000200    1.027963   -2.320353   -0.047618    0.573921    0.254258    0.045707
    0.000200    0.876036   -3.080768   -0.044745    0.537457    0.152829   -0.040304
    0.000200    2.159664   -1.921238    0.047992    0.390939    0.439455   -0.018082
    0.000200   -1.786676   -0.323881   -0.045142    0.132369   -0.730207    0.040785
    0.000200    0.333766    2.299440   -0.024010   -0.649229    0.094236    0.008048
    0.000200    1.591751    1.982908   -0.049601   -0.489042    0.392572    0.047505
    0.000200    1.486142   -2.887413   -0.048220    0.493401    0.253952    0.016036
    0.000200   -0.645728   -0.121468   -0.027305    0.228066   -1.212407    0.002971
    0.000200    1.641374    1.538268    0.005338   -0.455926    0.486486   -0.012045
    0.000200   -1.417138   -0.733073    0.045879    0.363743   -0.703169    0.007655
    0.000200    2.126995    0.434710    0.044003   -0.135901    0.664948    0.004957
    0.000200    0.951604    1.381867   -0.009439   -0.635836    0.437860   -0.035048
    0.000200   -0.389741   -2.150297   -0.044319    0.665614   -0.120642    0.015699
    0.000200    1.432894    0.766249   -0.038886   -0.369937    0.691785    0.044542
    0.000200    0.333446   -1.660959    0.022244    0.753270    0.151223   -0.033527
    0.000200   -2.134391   -1.395248    0.003396    0.342649   -0.524169   -0.018272
    0.000200    2.810464   -1.503020    0.046571    0.264159    0.493946    0.029493
    0.000200   -2.247634    0.461123   -0.000504   -0.132678   -0.646708    0.048376
    0.000200   -1.691515   -2.930330    0.031043    0.470834   -0.271786   -0.032075
    0.000200   -3.230899   -1.040059    0.015409    0.166325   -0.516680    0.048174
    0.000200    0.148048   -3.008264    0.036632    0.575512    0.028323    0.026359
    0.000200    0.819112    1.864356    0.013361   -0.641574    0.281878   -0.010986
    0.000200   -0.175528    1.780487   -0.021093   -0.744013   -0.073348    0.046473
    0.000200    0.017370    0.932204    0.048899   -1.035456    0.019294   -0.007071
    0.000200    0.526499    0.552971    0.047591   -0.828825    0.789148   -0.008969
    0.000200   -1.447717   -2.848040   -0.004201    0.498730   -0.253515   -0.009392
    0.000200    0.192513   -2.241956    0.020373    0.664192    0.057033    0.020304
    0.000200    2.998843   -0.668756   -0.035400    0.124173    0.556820   -0.024389
    0.000200    0.010156   -2.655433   -0.000363    0.613660    0.002347    0.026487
    0.000200   -2.186445   -1.760534    0.007763    0.374325   -0.464882    0.027320
    0.000200   -3.153787   -1.047435    0.028169    0.172901   -0.520598   -0.001247
    0.000200    3.151095    0.764135    0.005629   -0.130878    0.539706   -0.049645
    0.000200   -2.168416    0.036114    0.012984   -0.011308   -0.678951   -0.038606
    0.000200    1.595532   -2.737474   -0.007383    0.485363    0.282893    0.013563
    0.000200    1.874507    0.029215    0.013057   -0.011382    0.730260   -0.005497
    0.000200   -3.127112   -0.552433    0.008867    0.097624   -0.552610    0.007632
    0.000200   -3.128754    0.822267    0.008597   -0.141319   -0.537725    0.033557
    0.000200    0.212697    1.443720    0.047740   -0.818963    0.120654    0.012866
    0.000200   -3.294694   -0.854573    0.009279    0.136088   -0.524668    0.013700
    0.000200   -2.095988   -0.154955    0.005959    0.050856   -0.687908   -0.000496
    0.000200   -1.428705   -2.576872    0.044152    0.509504   -0.282486   -0.033568
    0.000200   -2.033184    2.228267    0.024144   -0.425326   -0.388089    0.039840
    0.000200    2.106381    2.326167    0.008248   -0.418440    0.378904   -0.006056
    0.000200    1.148938    1.577110   -0.035341   -0.578624    0.421532    0.021198
    0.000200    3.513660   -0.664712   -0.036405    0.098297    0.519597   -0.044222
    0.000200   -0.949279    2.781398   -0.023608   -0.552051   -0.188413    0.005106
    0.000200   -1.840691   -1.697315   -0.029365    0.428413   -0.464602   -0.040944
    0.000200   -1.221788    3.341528    0.049806   -0.497916   -0.182057   -0.031896
    0.000200   -3.115525   -1.218556    0.004422    0.199151   -0.509177    0.038359
    0.000200   -1.544329    1.795989   -0.027146   -0.492664   -0.423630   -0.047054
    0.000200   -2.210666    2.579664    0.043034   -0.411965   -0.353037   -0.030921
    0.000200    1.789433    2.038033   -0.040337   -0.456295    0.400636   -0.010287
    0.000200    0.468330   -0.691652    0.024168    0.906002    0.613470    0.028434
    0.000200   -1.640265    3.001319    0.003002   -0.474480   -0.259310   -0.016088
    0.000200   -0.055507    3.026143   -0.030438   -0.574706   -0.010542   -0.008394
    0.000200    2.135489    2.202515   -0.049578   -0.409901    0.397427   -0.027766
    0.000200   -3.031563    1.021226   -0.046332   -0.178489   -0.529853   -0.033683
    0.000200   -0.023890   -0.526333   -0.022269    1.376257   -0.062468    0.016060
    0.000200    2.100442    1.858876    0.043500   -0.395715    0.447139   -0.049399
    0.000200   -1.496018    0.981578   -0.011079   -0.410113   -0.625050   -0.047828
    0.000200    0.055117    3.083337    0.015028   -0.569358    0.010178   -0.004643
    0.000200    0.259632    2.686523   -0.047034   -0.605866    0.058552    0.034984
    0.000200    0.192850   -1.586003    0.004656    0.785357    0.095496    0.004194
    0.000200   -0.889004   -2.258269   -0.047346    0.597287   -0.235132   -0.025186
    0.000200   -1.120585   -1.907357    0.049953    0.579699   -0.340577    0.016369
    0.000200   -0.181984   -3.057913    0.028209    0.570343   -0.033943   -0.012963
    0.000200    0.728139    1.304925   -0.005862   -0.714359    0.398608   -0.017774
    0.000200   -0.373313    1.715820   -0.016325   -0.737393   -0.160435    0.044540
    0.000200   -1.137373   -2.584297    0.025260    0.544701   -0.239728   -0.031115
    0.000200    1.727225   -1.707635    0.000370    0.451121    0.456297   -0.030865
    0.000200    0.748913   -2.557292    0.013301    0.587907    0.172171    0.009833
    0.000200   -0.190334   -3.109751    0.028837    0.565483   -0.034611    0.019587
    0.000200   -0.700999    2.380797    0.029224   -0.608917   -0.179289   -0.030963
    0.000200    2.706119   -2.254741   -0.016230    0.341074    0.409353    0.047941
    0.000200   -0.472847    0.511467   -0.007270   -0.879809   -0.813377    0.038520
    0.000200    0.902326    0.330446    0.028226   -0.350803    0.957912   -0.015347
    0.000200   -1.885146   -0.136755   -0.019536    0.052628   -0.725467    0.042087
    0.000200    0.896941   -3.022254    0.027927    0.539933    0.160241    0.022530
    0.000200   -1.698700   -0.574181    0.032238    0.239131   -0.707464    0.020017
    0.000200   -0.156602   -3.381482   -0.001241    0.542936   -0.025144   -0.039026
    0.000200   -0.447128    2.901156   -0.002530   -0.576857   -0.088906   -0.045245
    0.000200   -0.670892   -3.256274   -0.039836    0.537154   -0.110670    0.038578
    0.000200    0.255313   -3.514090   -0.004916    0.531348    0.038605    0.049202
    0.000200   -2.639415   -0.920128   -0.040981    0.196892   -0.564792   -0.009989
    0.000200    0.107813    0.816874   -0.035187   -1.092188    0.144149   -0.036226
    0.000200   -1.339249    0.003959   -0.046500   -0.002555   -0.864105    0.033250
    0.000200    2.172818    1.661277   -0.022699   -0.367260    0.480346   -0.022542
    0.000200   -0.340986    1.910170    0.017052   -0.706718   -0.126157   -0.025386
    0.000200   -2.739328   -1.687588    0.010242    0.292417   -0.474657   -0.049974
    0.000200   -2.450201   -2.558250    0.030557    0.383715   -0.367509   -0.048485
    0.000200   -1.762262   -3.096462    0.013818    0.460443   -0.262048    0.024777
    0.000200    1.682369   -1.045917   -0.007744    0.375124    0.603391   -0.014277
    0.000200    0.105511   -0.455848   -0.026118    1.424265    0.329662    0.026318
    0.000200   -2.836319   -0.971574   -0.000549    0.187156   -0.546366    0.049646
    0.000200   -0.399262    0.391416    0.035123   -0.936223   -0.954990   -0.006985
    0.000200    3.242145   -1.444541    0.048814    0.216022    0.484843    0.027823
    0.000200    0.977498    1.874550    0.024791   -0.609828    0.317999    0.033805
    0.000200   -0.963611    2.717708    0.044052   -0.555043   -0.196800   -0.018358
    0.000200   -0.137502   -1.495877    0.004779    0.812478   -0.074684   -0.025221
    0.000200    3.404326   -0.403109   -0.040986    0.063510    0.536351    0.009354
    0.000200   -0.649809    3.197731   -0.033052   -0.542499   -0.110241   -0.004817
    0.000200   -1.011913    1.116642   -0.038218   -0.603631   -0.547017    0.045334
    0.000200    1.895477    0.694702    0.007458   -0.242196    0.660826    0.016854
    0.000200   -0.084433    1.161980    0.002153   -0.924029   -0.067143    0.011503
    0.000200    0.138959    0.946166    0.029251   -1.011732    0.148588   -0.047578
    0.000200   -1.705077    2.643707    0.041132   -0.473809   -0.305586   -0.019755
    0.000200   -2.540139    1.208557    0.019308   -0.256162   -0.538400    0.045320
    0.000200    0.244648    2.804838   -0.013119   -0.593714    0.051786    0.019982
    0.000200   -3.464732    0.861898   -0.005799   -0.127760   -0.513579   -0.044155
    0.000200   -1.307558   -3.242700   -0.017261    0.495993   -0.200000    0.045810
    0.000200   -0.472648    0.573577    0.037432   -0.895178   -0.737659   -0.036436
    0.000200    0.565483    2.098449    0.018580   -0.654964    0.176497    0.013999
    0.000200   -3.180882   -1.267558   -0.007702    0.200051   -0.502020   -0.046551
    0.000200    0.219281   -1.317308    0.017298    0.853598    0.142091   -0.011263
    0.000200    1.971717   -0.403525   -0.010511    0.141331    0.690578   -0.034855
    0.000200    0.666199   -2.064450   -0.010095    0.646147    0.208512   -0.024464
    0.000200   -0.842539    0.544228   -0.014946   -0.541769   -0.838733   -0.025439
    0.000200    2.155584    1.556648   -0.030308   -0.359038    0.497181   -0.032801
    0.000200    1.594978    2.628223    0.011225   -0.487569    0.295889   -0.019112
    0.000200   -0.020718    0.240617   -0.027244   -2.027360   -0.174563    0.046579
    0.000200   -0.451472   -1.120444   -0.029952    0.843916   -0.340047   -0.038609
    0.000200   -3.039196    0.598182    0.027801   -0.109727   -0.557495   -0.028513
    0.000200    0.323179    2.434371   -0.031470   -0.632581    0.083979    0.023854
    0.000200   -0.403030    3.009193    0.044347   -0.568832   -0.076185    0.027115
    0.000200    0.515761    3.242083    0.020958   -0.545064    0.086710   -0.045827
    0.000200    2.584244    1.208937   -0.030098   -0.250866    0.536255    0.014750
    0.000200    1.092777    3.112794    0.045812   -0.519481    0.182369    0.015453
    0.000200    1.403976    1.239749    0.021781   -0.483646    0.547713   -0.029623
    0.000200   -2.255618   -0.408723   -0.041508    0.117763   -0.649897   -0.041270
    0.000200   -0.041233    3.093283    0.035341   -0.568502   -0.007578   -0.039670
    0.000200    0.769670   -1.060978   -0.002582    0.707011    0.512890   -0.007416
    0.000200    1.326798    1.921197   -0.034899   -0.538507    0.371898    0.023257
    0.000200    1.348017   -0.729714    0.024322    0.384506    0.710306   -0.017323
    0.000200   -0.365396    2.210011    0.036374   -0.659202   -0.108990    0.020868
    0.000200   -2.696710   -1.071850   -0.048857    0.216824   -0.545516    0.018891
    0.000200   -0.961484    1.643934    0.014659   -0.625499   -0.365834   -0.001445
    0.000200   -2.284192    1.906565    0.041752   -0.371494   -0.445074    0.004765
    0.000200   -0.780540    0.284119   -0.032317   -0.375301   -1.031037   -0.017677
    0.000200    1.276539   -1.102508    0.040035    0.503282    0.582725   -0.045975
    0.000200   -1.916110   -2.187785   -0.048837    0.441122   -0.386344    0.000181
    0.000200    2.632988    0.918943   -0.005098   -0.197322    0.565375   -0.028742
    0.000200    2.239233    2.547232   -0.003288   -0.407824    0.358512    0.003380
    0.000200    1.177197   -0.179386   -0.012012    0.138051    0.905938   -0.047163
    0.000200    0.699817    2.005775    0.034332   -0.647802    0.226019    0.003657
    0.000200    0.943413    2.838102    0.013583   -0.548717    0.182399   -0.001833
